386183089
386183297
386183746
386183765
386183826
386184426
386184429
386184454
386184455
386185068
386185083
386185111
386185526
386185889
386186143
386186223
386186235
386186451
386187263
386187288
386187875
386187890
386187896
386187905
386187968
386187986
386188183
386188252
386188255
386188500
386310731
386311419
386311706
386311976
386312872
386313707
386314792
386315132
386317127
386317473
386317788
386320342
386320465
386320793
386321165
386322531
386323060
386323246
386323837
386324804