386380225
386380303
386380691
386382189
386382851
386385488
386386411
386387260
386389063
386389476
386390125
386391356
386391439
386391769
386391798
386395789
386397863
386398026
386399280
386400736
386401375
386401862
386403200
386403695
386403718
386403752
386405321
386406564
386407844
386408881
386409207
386409384
386409695
386410164
386410761
386411136
386411989
386412238
386414170
386415386
386415482
386418100
386419045
386419345
386419346
386419842
386420096
386420229
386420461
386420836