386325100
386326649
386328021
386328083
386329119
386329570
386329675
386330362
386330841
386331276
386331636
386333274
386334273
386335254
386335299
386337421
386338905
386339882
386339934
386340659
386341534
386344822
386344920
386345788
386355871
386357491
386361761
386362380
386363272
386363700
386364579
386365429
386366517
386366575
386369113
386369220
386369349
386369982
386370945
386372118
386372340
386373030
386373757
386374203
386374368
386374609
386375068
386376625
386377495
386378869