386420959
386422032
386425164
386425402
386425435
386425486
386425672
386426620
386427564
386427959
386428396
386429160
386430511
386431182
386431241
386433209
386433306
386434065
386434446
386435895
386436405
391793179
391971143
393869346
393869404
394086072
394086085
394086095
394086097
394549065
396806007
396849016
396866007
396866155
396868001
397142041
397142064
397217004
397591018
398131007
398217002
398217025
398217108
398217128
398217145
398239017
401432394
401528009
402652002
402652005